0 0
10 0
20 0
30 0
40 0
50 0
60 0
70 0
80 0
90 0
100 0
110 0
120 0
130 0
140 0
150 0
160 0
170 0
180 0
190 0
200 0
210 0
220 0
230 0
240 0
250 0
260 0
270 0
280 0
290 0
300 0
310 0
320 0
330 0
340 0
350 0
360 0
370 0
380 0
390 0
400 0
405 15
400 30
390 30
380 30
370 30
360 30
350 30
340 30
330 30
320 30
310 30
300 30
290 30
280 30
270 30
260 30
250 30
240 30
230 30
220 30
210 30
200 30
190 30
180 30
170 30
160 30
150 30
140 30
130 30
120 30
110 30
100 30
90 30
80 30
70 30
60 30
50 30
40 30
30 30
20 30
10 30
0 30
-5 15
