81.34733 182.70909
117.55705 161.8034
148.62897 133.82613
173.20508 100
190.2113 61.8034
198.90437 20.905693
198.90437 -20.905693
190.2113 -61.8034
173.20508 -100
148.62897 -133.82613
117.55705 -161.8034
81.34733 -182.70909
41.582336 -195.62952
0 -200
-41.582336 -195.62952
-81.34733 -182.70909
-117.55705 -161.8034
-148.62897 -133.82613
-173.20508 -100
-190.2113 -61.8034
-198.90437 -20.905693
-198.90437 20.905693
-190.2113 61.8034
-173.20508 100
-148.62897 133.82613
-117.55705 161.8034
-81.34733 182.70909
-41.582336 195.62952
0 200
41.582336 195.62952
61.010494 137.03181
88.167786 121.35255
111.471725 100.36959
129.90381 75
142.65848 46.35255
149.17828 15.679269
149.17828 -15.679269
142.65848 -46.35255
129.90381 -75
111.471725 -100.36959
88.167786 -121.35255
61.010494 -137.03181
31.186754 -146.72214
0 -150
-31.186754 -146.72214
-61.010494 -137.03181
-88.167786 -121.35255
-111.471725 -100.36959
-129.90381 -75
-142.65848 -46.35255
-149.17828 -15.679269
-149.17828 15.679269
-142.65848 46.35255
-129.90381 75
-111.471725 100.36959
-88.167786 121.35255
-61.010494 137.03181
-31.186754 146.72214
0 150
31.186754 146.72214
